1686628669 2147483647
1686623459 2147483647
1686652355 2147483647
1686644893 2147483647
1686639440 2147483647
1686626781 2147483647
1686602904 2147483647
1686600543 2147483647
1686630679 2147483647
1686617588 2147483647
1686625380 2147483647
1686651500 2147483647
1686665266 2147483647
1686653649 2147483647
1686622243 2147483647
1686628129 2147483647
1686626011 2147483647
1686662104 2147483647
1686622243 2147483647
1686665233 2147483647
1686619604 2147483647
1686612708 2147483647
1686619604 2147483647
1686618245 2147483647
1686605553 2147483647
1686612394 2147483647
1686664152 2147483647
1686628464 2147483647
1686659265 2147483647
1686624761 2147483647
1686616899 2147483647
1686630679 2147483647
1686648081 2147483647
1686607921 2147483647
1686648677 2147483647
1686626573 2147483647
1686608556 2147483647
1686654221 2147483647
1686626789 2147483647
1686610114 2147483647
1686654247 2147483647
1686654247 2147483647
1686603006 2147483647
1686579520 2147483647
1686617498 2147483647
1686633286 2147483647
1686645032 2147483647
1686635029 2147483647
1686614029 2147483647
1686641753 2147483647
1686620272 2147483647
1686624387 2147483647
1686664853 2147483647
1686644922 2147483647
1686622619 2147483647
1686629789 2147483647
1686625460 2147483647
1686602880 2147483647
1686618969 2147483647
1686612866 2147483647
1686621875 2147483647
1686624387 2147483647
1686617866 2147483647
1686625866 2147483647
1686641408 2147483647
1686622369 2147483647
1686634040 2147483647
1686623898 2147483647
1686645299 2147483647
1686635029 2147483647
1686602049 2147483647
1686624488 2147483647
1686606576 2147483647
1686635505 2147483647
1686626896 2147483647
1686604461 2147483647
1686611650 2147483647
1686621875 2147483647
1686625143 2147483647
1686617002 2147483647
1686620272 2147483647
1686612921 2147483647
1686594321 2147483647
1686647546 2147483647
1686627770 2147483647
1686641254 2147483647
1686653372 2147483647
1686636747 2147483647
1686628116 2147483647
1686606865 2147483647
1686621954 2147483647
1686629701 2147483647
1686625866 2147483647
1686590122 2147483647
1686609346 2147483647
1686629391 2147483647
1686611792 2147483647
1686619002 2147483647
1686595898 2147483647
1686630459 2147483647
1686641991 2147483647
1686647512 2147483647
1686591452 2147483647
1686630314 2147483647
1686636105 2147483647
1686642486 2147483647
1686626972 2147483647
1686610856 2147483647
1686616536 2147483647
1686642486 2147483647
1686647512 2147483647
1686617002 2147483647
1686619546 2147483647
1686628809 2147483647
1686630966 2147483647
1686625143 2147483647
1686617075 2147483647
1686634652 2147483647
1686656929 2147483647
1686621446 2147483647
1686655513 2147483647
1686620272 2147483647
1686622033 2147483647
1686627783 2147483647
1686625702 2147483647
1686624488 2147483647
1686638735 2147483647
1686619002 2147483647
1686638146 2147483647
1686636747 2147483647
1686639308 2147483647
1686641269 2147483647
1686656929 2147483647
1686612500 2147483647
1686629057 2147483647
1686624402 2147483647
1686622725 2147483647
1686638146 2147483647
1686617002 2147483647
1686626896 2147483647
1686591452 2147483647
1686639470 2147483647
1686602049 2147483647
1686623757 2147483647
1686595898 2147483647
1686627881 2147483647
1686635898 2147483647
1686598926 2147483647
1686644340 2147483647
1686642644 2147483647
1686604461 2147483647
1686644847 2147483647
1686630314 2147483647
1686630647 2147483647
1686605013 2147483647
1686639523 2147483647
1686656590 2147483647
